1
Nantas
1415127111 663573628 71212938 60833643 65906211
7
2
XuanThanh
651487902 735132036 163777546 192907791 23970895
1
3
Tien
1539061708 769474371 351351315 18111009 13522926
1
4
nadf
656144584 656114136 253488755 52138879 52100782
1
5
sdks
1415127111 663573628 71212938 60833643 65906211
1
6
ssda
1415127111 663573628 71212938 60833643 65906211
1
7
Nasd
500597410 231326637 189853111 40972055 52350694
1
8
fgaad
500597407 231326634 189853108 40972052 52350691
1
9
back05
480835068 472856827 77490124 71402647 61441321
1
10
KidVy
1524333507 321669416 292228970 90637162 4249280
1
11
admin
533967221 526092607 130631262 124622853 14127592
7
